,methylphenidate,dexamphetamine,lisdexamphetamine,atomoxetine,guanfacine,clonidine
methylphenidate,819,76,62,24,130,57
dexamphetamine,76,359,42,12,51,40
lisdexamphetamine,62,42,258,14,46,29
atomoxetine,24,12,14,80,15,19
guanfacine,130,51,46,15,279,25
clonidine,57,40,29,19,25,138
